21 0.59619140625 0.73046875 0.11083984375 0.15559895833333334
21 0.29638671875 0.244140625 0.09423828125 0.11458333333333333
21 0.41552734375 0.138671875 0.10009765625 0.123046875
21 0.51513671875 0.19205729166666666 0.0927734375 0.11588541666666667
21 0.5869140625 0.32421875 0.1064453125 0.15169270833333334
21 0.421875 0.3001302083333333 0.11181640625 0.1640625
21 0.21533203125 0.419921875 0.119140625 0.15885416666666666
21 0.35693359375 0.4694010416666667 0.11962890625 0.17447916666666666
21 0.5224609375 0.4921875 0.138671875 0.173828125
21 0.7119140625 0.4967447916666667 0.107421875 0.18880208333333334
21 0.4189453125 0.642578125 0.13037109375 0.15559895833333334