21 0.54736328125 0.689453125 0.12109375 0.158203125
21 0.73095703125 0.6510416666666666 0.10302734375 0.15494791666666666
21 0.736328125 0.392578125 0.10302734375 0.14583333333333334
21 0.58251953125 0.4830729166666667 0.14306640625 0.15104166666666666
21 0.56396484375 0.2936197916666667 0.12158203125 0.166015625
21 0.43212890625 0.20182291666666666 0.09326171875 0.13606770833333334
21 0.31494140625 0.20247395833333334 0.103515625 0.13216145833333334
21 0.39794921875 0.3600260416666667 0.14013671875 0.169921875
21 0.23583984375 0.373046875 0.1162109375 0.12825520833333334
21 0.23974609375 0.60546875 0.1337890625 0.193359375
21 0.41162109375 0.5618489583333334 0.13427734375 0.16276041666666666