11 0.21343147287207084 0.2811217412656261 0.22584227784081337 0.3516206635357054
11 0.22883379281651012 0.15687506382937658 0.03638351202679771 0.052816150534191565
11 0.23347896978580657 0.19765172046875298 0.035750611850513064 0.04173264958364768
11 0.24026111990961432 0.23755151600680266 0.03988124506000853 0.054272773760618495
11 0.24454002733866795 0.282435132351427 0.041732963980182065 0.05142814359931639
11 0.24909483024591803 0.32821432333143763 0.04015558074551478 0.05498964932523997
11 0.25431675485465094 0.37364131437382403 0.04012750447709068 0.05177306605147299
11 0.27001331213362234 0.19096627864216092 0.039061357588870325 0.05247954520828356
11 0.27348169084767915 0.23512886085903942 0.04147110663619769 0.052140860600813486
11 0.27936293819444374 0.27931015660997743 0.04200729966568831 0.052145019163937864
11 0.2845614659128233 0.3220566615908914 0.04119053177993051 0.0507091887531326