21 0.587890625 0.5794270833333334 0.15478515625 0.18098958333333334
21 0.76416015625 0.57421875 0.10498046875 0.205078125
21 0.7099609375 0.3743489583333333 0.09130859375 0.12109375
21 0.58740234375 0.2838541666666667 0.0986328125 0.11588541666666667
21 0.525390625 0.14973958333333334 0.11474609375 0.12825520833333334
21 0.4052734375 0.3001302083333333 0.10498046875 0.12890625
21 0.2841796875 0.375 0.11669921875 0.11979166666666667
21 0.408203125 0.5462239583333334 0.1005859375 0.14518229166666666
21 0.2080078125 0.51953125 0.1044921875 0.14713541666666666
21 0.25634765625 0.6979166666666666 0.111328125 0.15169270833333334
21 0.4013671875 0.8274739583333334 0.14208984375 0.140625