11 0.15986111111111112 0.29957339298377955 0.31972222222222224 0.43692456374533695
11 0.2511111111111111 0.3547256733885569 0.07416666666666667 0.09427902242945374
11 0.18708333333333332 0.3471919660658068 0.05555555555555555 0.07820872813414485
11 0.13680555555555557 0.349209363400702 0.04611111111111111 0.0740613924994884
11 0.09402777777777778 0.343507161255929 0.04083333333333333 0.06216860036378168
11 0.05569444444444444 0.347469064769295 0.035833333333333335 0.05435203705393085
11 0.022083333333333333 0.3486898212851744 0.0325 0.056918772625141445
11 0.051666666666666666 0.4211415245721621 0.04611111111111111 0.06480213324022906
11 0.09555555555555556 0.42240790127961797 0.044444444444444446 0.05960401954435299
11 0.13958333333333334 0.43200868869629816 0.04555555555555556 0.07961263855148024
11 0.20097222222222222 0.4330404443956394 0.07972222222222222 0.07580359894657199