21 0.6949222668419791 0.267949979464833 0.08492153370236426 0.10017796264977191
21 0.6032188649658594 0.272384724407878 0.059622486904754024 0.11081378425400495
21 0.6282661647904122 0.16640886325959064 0.050350600934469504 0.06673672804432881
21 0.69054871434026 0.11447364269121975 0.05413600255261243 0.06405807789103306
21 0.72063318903863 0.04230882608388365 0.0628318779012286 0.071234044787977
21 0.7853775619039777 0.11559992588878515 0.05775315773870956 0.07119465528350201
21 0.849448949041142 0.14963011551062766 0.06355527335701902 0.06683914075596374
21 0.7878172241222154 0.24336517652610626 0.05579258518494079 0.07930347632666798
21 0.8913523778335114 0.22157510992723736 0.058089828509947546 0.0806752977445077
21 0.8690718697352026 0.3160204743886543 0.06166857112745701 0.08341106267929227
21 0.7958123640294844 0.38919714985444076 0.07737123624971026 0.0787938336502736