21 0.2953125 0.6560944221339522 0.15625 0.1868465359079618
21 0.29921875 0.4006029462362532 0.1078125 0.1537522347764936
21 0.37265625 0.2587694493595112 0.1015625 0.12715337334017515
21 0.44140625 0.123213223560008 0.125 0.15228972872636942
21 0.56875 0.10684735929501916 0.1046875 0.1412340540583344
21 0.7203125 0.12393434446429623 0.121875 0.1413340480082102
21 0.771875 0.2923843626146688 0.1265625 0.15854881908544902
21 0.77421875 0.5361207270760494 0.16875 0.2181692587805987
21 0.5734375 0.6201013382177802 0.1859375 0.2557692527304745
21 0.46875 0.43086664227611465 0.1515625 0.19775676483072288
21 0.553125 0.2694382628858153 0.125 0.16010222872636942