11 0.5458530139242762 0.5578125 0.6327281614417222 0.7984375
11 0.36108656791059507 0.65859375 0.13949994668999893 0.171875
11 0.4799911092457313 0.6453125 0.10479768268618095 0.14375
11 0.5721422465786403 0.6484375 0.08750109468490841 0.134375
11 0.6511575845799131 0.6390625 0.07788973734881743 0.1140625
11 0.7213882685789585 0.64609375 0.06835110534690844 0.1
11 0.7838609965786404 0.6484375 0.062155649347544896 0.1046875
11 0.7268468332272777 0.78125 0.0873192813494537 0.11875
11 0.6463508112269595 0.78359375 0.08408519334818117 0.109375
11 0.5641104758911869 0.8015625 0.08606586401972649 0.1453125
11 0.4508201352244141 0.80234375 0.1500556386855445 0.1390625