11 0.54140625 0.4429439405789125 0.865625 0.7831610589301082
11 0.75234375 0.539372992103164 0.159375 0.18842721662612102
11 0.63125 0.5510149949318344 0.1390625 0.157059041958086
11 0.51875 0.577450750785567 0.1421875 0.15395222267624523
11 0.40234375 0.6164092325369984 0.1546875 0.18214994554888211
11 0.2828125 0.6514796450065892 0.1515625 0.16650676483072288
11 0.2546875 0.5196120214700223 0.15 0.15243517447164337
11 0.3703125 0.4915955848981306 0.134375 0.1460942708808471
11 0.478125 0.4714371001216369 0.1296875 0.13512949980360817
11 0.6859375 0.39913433236404783 0.1421875 0.15551472267624522
11 0.7921875 0.37976618794663386 0.125 0.1429147287263694