11 0.48932313787631043 0.441992764600594 0.41297478219552863 0.6235135093889065
11 0.5215987858097659 0.21503936592936687 0.06773292154477702 0.09453179734245412
11 0.5290709182251273 0.2907387999284124 0.06604315651766228 0.07263861600890867
11 0.539663505460949 0.365620621260367 0.07398292154477701 0.09460452267663584
11 0.5471810896717086 0.4491325552594125 0.07708065046753809 0.08995338534372674
11 0.5539310594210874 0.5349973299252306 0.07400110226293641 0.09772952267663584
11 0.5622344388113869 0.6192814232575035 0.07396474082661779 0.09147952267663584
11 0.5977891019683487 0.2844700712524128 0.07240224082661798 0.09146134134309047
11 0.6029538458200286 0.3664467772517765 0.07708974082661779 0.09151588534372683
11 0.6120293848512484 0.4491592799172766 0.07708974082661779 0.09151588534372693
11 0.6210912883438487 0.5295280325827767 0.07707156010845857 0.08839088534372692