21 0.4043800593570898 0.17734076746300156 0.11124767735518085 0.16157382513557322
21 0.5174527713637713 0.22721402331673404 0.10170904535327167 0.14745678298109555
21 0.6454874120384982 0.28732988758172284 0.1127919960216353 0.16002041549465282
21 0.7850055400620426 0.46156733918072923 0.13479426535645356 0.17108518052176755
21 0.5808282120862233 0.6384924117822197 0.1913169853596351 0.19484993344863372
21 0.5487407760582246 0.43206969495970693 0.11631698535963508 0.19441359621281223
21 0.40442715471831586 0.3827958819243821 0.127127216024817 0.18353972872636942
21 0.2764465107017711 0.2601845628389331 0.12047722668681722 0.14912836729005097
21 0.18273396805377023 0.3971300509350764 0.13170562802354438 0.17419199980360825
21 0.23413447807922366 0.5849163972460844 0.13635676535645347 0.17109427088084708
21 0.39413782877144976 0.7741157735131258 0.167952210693817 0.20096357806243947