11 0.49142881007317846 0.5395988311856975 0.6122894867918124 0.920802337628605
11 0.3910442653564535 0.17257599941082483 0.13139654535327186 0.14762949980360823
11 0.3956328627068618 0.29837543012898404 0.11375451201463571 0.10846700585373252
11 0.39700555338954285 0.41634418012898405 0.11876927601845377 0.13661927693097126
11 0.39937767007476926 0.5530674753085238 0.11261018268618087 0.14439541549465282
11 0.39957875942867743 0.7046208849494443 0.11598972135581712 0.16628859621281222
11 0.39684575278481277 0.8725623638722053 0.1177158533577261 0.18036018657189173
11 0.2739793227641319 0.7195141110435349 0.12843517735518084 0.16167381908544912
11 0.27299698341022377 0.5679561562230748 0.1250920013526354 0.1429056383672897
11 0.27999077605822464 0.43050615319801266 0.11406359468490823 0.13502950585373252
11 0.28082547537395264 0.30083228873663215 0.11709768801718105 0.12723518657189176