21 0.537433763082207 0.6796626905789125 0.15892152380771343 0.19154312626704134
21 0.7390280793389857 0.6730212842576417 0.14013516237139498 0.185184041958086
21 0.7953154825369986 0.39770312168985517 0.13851812021691715 0.1757999515990063
21 0.6144558470965749 0.465940558163551 0.18234084308955403 0.18855448165323557
21 0.632048388956465 0.261938859393215 0.1620919756031114 0.19937380698520063
21 0.509324482144215 0.1400007477605048 0.12594539734428026 0.1632272287263694
21 0.3852284519917898 0.11962968130733442 0.13531130698520055 0.16171927088084712
21 0.4427540847999348 0.3028825428418488 0.18245901775758924 0.20886698165323558
21 0.26863532874981055 0.28670861787922614 0.1493556262670414 0.15867608411256368
21 0.22735075683569111 0.5345966720357564 0.1794703731437834 0.23228630093507655
21 0.41805757006740774 0.519425148228043 0.1745919756031114 0.19944652985783762